10.1899995803833
14.5600004196167
14.279999732971191
20.959999084472656
22.559999465942383
32.119998931884766
33.40999984741211
44.5
41.779998779296875
51.650001525878906
48.560001373291016
54.90999984741211
52.119998931884766
55.2400016784668
53.470001220703125
55.34000015258789
54.029998779296875
56.439998626708984
54.29999923706055
58.380001068115234
55.060001373291016
60.939998626708984
56.439998626708984
63.650001525878906
58.02000045776367
65.80999755859375
59.93000030517578
67.95999908447266
62.36000061035156
71.33000183105469
64.7699966430664
74.23999786376953
67.33000183105469
76.38999938964844
69.08000183105469
78.87999725341797
72.33000183105469
80.30999755859375
74.02999877929688
81.77999877929688
75.94000244140625
82.9000015258789
77.41000366210938
83.94000244140625
79.16999816894531
84.83000183105469
80.70999908447266
85.41999816894531
81.88999938964844
85.87000274658203
82.41999816894531
86.5199966430664
83.47000122070312
86.93000030517578
84.06999969482422
87.38999938964844
84.76000213623047
87.79000091552734
85.16000366210938
88.02999877929688
85.80999755859375
88.33000183105469
86.19000244140625
88.54000091552734
86.75
88.63999938964844
87.05999755859375
88.9000015258789
87.5
89.12000274658203
87.80999755859375
89.43000030517578
88.0999984741211
89.62999725341797
88.41000366210938
89.9800033569336
88.52999877929688
90.04000091552734
88.75
90.11000061035156
88.73999786376953
90.4000015258789
89.11000061035156
90.58000183105469
89.20999908447266
90.69000244140625
89.55000305175781
90.79000091552734
89.73999786376953
90.80999755859375
89.95999908447266
91.08999633789062
90.08000183105469
91.16999816894531
90.27999877929688
91.2699966430664
90.55000305175781
91.36000061035156
90.55000305175781
91.44999694824219
